0 0.0419753 0.660648 0.0839506 0.299074 0.534942
5 0.508025 0.468519 0.983951 0.524074 0.849334
0 0.183333 0.602778 0.245679 0.483333 0.851563
0 0.35 0.590278 0.154321 0.425 0.870248
0 0.914815 0.589352 0.17037 0.447222 0.896172
0 0.0419753 0.660648 0.0839506 0.299074 0.534942
5 0.508025 0.468519 0.983951 0.524074 0.849334
0 0.183333 0.602778 0.245679 0.483333 0.851563
0 0.35 0.590278 0.154321 0.425 0.870248
0 0.914815 0.589352 0.17037 0.447222 0.896172
0 0.0419753 0.660648 0.0839506 0.299074 0.534942
5 0.508025 0.468519 0.983951 0.524074 0.849334
0 0.183333 0.602778 0.245679 0.483333 0.851563
0 0.35 0.590278 0.154321 0.425 0.870248
0 0.914815 0.589352 0.17037 0.447222 0.896172
0 0.0419753 0.660648 0.0839506 0.299074 0.534942
5 0.508025 0.468519 0.983951 0.524074 0.849334
0 0.183333 0.602778 0.245679 0.483333 0.851563
0 0.35 0.590278 0.154321 0.425 0.870248
0 0.914815 0.589352 0.17037 0.447222 0.896172
0 0.0419753 0.660648 0.0839506 0.299074 0.534942
5 0.508025 0.468519 0.983951 0.524074 0.849334
0 0.183333 0.602778 0.245679 0.483333 0.851563
0 0.35 0.590278 0.154321 0.425 0.870248
0 0.914815 0.589352 0.17037 0.447222 0.896172
0 0.0419753 0.660648 0.0839506 0.299074 0.534942
5 0.508025 0.468519 0.983951 0.524074 0.849334
0 0.183333 0.602778 0.245679 0.483333 0.851563
0 0.35 0.590278 0.154321 0.425 0.870248
0 0.914815 0.589352 0.17037 0.447222 0.896172
