2 0.132353 0.338235 0.0359477 0.0294118 0.317459
7 0.0539216 0.327206 0.107843 0.115196 0.357083
2 0.254085 0.372549 0.0637255 0.0931373 0.407443
2 0.265523 0.395833 0.0931373 0.144608 0.418882
2 0.0539216 0.328431 0.107843 0.117647 0.434123
2 0.841503 0.355392 0.0555556 0.0441176 0.545671
2 0.0612745 0.409314 0.112745 0.142157 0.728457
2 0.894608 0.357843 0.0571895 0.0490196 0.784636
2 0.0187909 0.449755 0.0375817 0.139706 0.836771
2 0.189542 0.459559 0.222222 0.227941 0.8697
0 0.656046 0.54902 0.161765 0.504902 0.882228
7 0.428922 0.338235 0.305556 0.426471 0.917488
